Nurses: 5
Days: 10
Shifts: 3
Minimum_nurses: 1
Maximum_nurses: 2
Required_nurses: 
[[2 2 2]
 [2 1 1]
 [1 1 1]
 [1 2 1]
 [2 2 2]
 [1 2 1]
 [1 2 2]
 [2 1 1]
 [2 2 1]
 [1 1 1]]
Nurse_preferences: 
Nurse 0: [[0, 1, 0], [0, 1, 0], [0, 1, 0], [0, 1, 0], [0, 1, 0], [0, 1, 0], [0, 1, 0], [1, 0, 0], [0, 1, 0], [0, 1, 0]]
Nurse 1: [[0, 1, 0], [0, 1, 0], [0, 1, 0], [0, 0, 1], [1, 0, 0], [0, 1, 0], [1, 0, 0], [0, 1, 0], [0, 1, 0], [0, 1, 0]]
Nurse 2: [[1, 0, 0], [1, 0, 0], [1, 0, 0], [1, 0, 0], [1, 0, 0], [1, 0, 0], [1, 0, 0], [1, 0, 0], [1, 0, 0], [1, 0, 0]]
Nurse 3: [[0, 0, 1], [0, 0, 1], [0, 0, 1], [0, 0, 1], [0, 0, 1], [0, 0, 1], [0, 0, 1], [0, 0, 1], [0, 0, 1], [0, 0, 1]]
Nurse 4: [[0, 1, 0], [0, 1, 0], [0, 1, 0], [0, 1, 0], [0, 1, 0], [0, 1, 0], [0, 1, 0], [0, 1, 0], [0, 1, 0], [0, 1, 0]]
