Nurse_assignments:
Nurse 0: [[1, 0, 0], [1, 0, 0], [0, 1, 0], [1, 0, 0], [0, 1, 0], [1, 0, 0], [0, 1, 0], [0, 1, 0], [0, 1, 0], [0, 1, 0], [0, 0, 1], [1, 0, 0], [0, 0, 0], [1, 0, 0], [0, 1, 0], [0, 0, 1], [0, 1, 0], [1, 0, 0], [0, 1, 0], [0, 1, 0], [0, 1, 0], [0, 0, 1], [0, 0, 0], [0, 1, 0], [0, 1, 0], [0, 1, 0], [1, 0, 0], [1, 0, 0], [0, 1, 0], [0, 0, 1]]
Nurse 1: [[0, 0, 1], [0, 1, 0], [0, 0, 0], [0, 0, 1], [0, 1, 0], [0, 1, 0], [0, 0, 1], [1, 0, 0], [1, 0, 0], [0, 0, 1], [1, 0, 0], [1, 0, 0], [0, 0, 1], [0, 1, 0], [1, 0, 0], [1, 0, 0], [0, 1, 0], [0, 1, 0], [1, 0, 0], [1, 0, 0], [1, 0, 0], [0, 1, 0], [0, 1, 0], [0, 0, 0], [0, 0, 1], [0, 0, 0], [0, 0, 1], [1, 0, 0], [0, 1, 0], [1, 0, 0]]
Nurse 2: [[0, 1, 0], [0, 1, 0], [0, 1, 0], [1, 0, 0], [1, 0, 0], [0, 1, 0], [1, 0, 0], [0, 0, 0], [0, 1, 0], [0, 0, 1], [0, 1, 0], [0, 1, 0], [0, 1, 0], [0, 0, 1], [0, 0, 1], [0, 1, 0], [1, 0, 0], [1, 0, 0], [0, 1, 0], [0, 0, 1], [0, 1, 0], [1, 0, 0], [0, 0, 1], [1, 0, 0], [1, 0, 0], [0, 1, 0], [1, 0, 0], [0, 0, 1], [1, 0, 0], [0, 1, 0]]
Nurse 3: [[1, 0, 0], [1, 0, 0], [0, 0, 1], [0, 0, 1], [1, 0, 0], [1, 0, 0], [0, 1, 0], [1, 0, 0], [1, 0, 0], [1, 0, 0], [0, 1, 0], [0, 0, 1], [0, 1, 0], [0, 0, 1], [1, 0, 0], [1, 0, 0], [0, 0, 1], [0, 0, 0], [1, 0, 0], [1, 0, 0], [1, 0, 0], [1, 0, 0], [1, 0, 0], [1, 0, 0], [1, 0, 0], [1, 0, 0], [0, 1, 0], [0, 1, 0], [0, 0, 1], [0, 0, 1]]
Nurse 4: [[0, 0, 1], [1, 0, 0], [1, 0, 0], [0, 0, 1], [0, 1, 0], [0, 0, 1], [0, 1, 0], [1, 0, 0], [0, 0, 1], [0, 1, 0], [1, 0, 0], [0, 1, 0], [0, 1, 0], [0, 0, 0], [0, 0, 1], [0, 1, 0], [1, 0, 0], [0, 1, 0], [0, 0, 0], [1, 0, 0], [0, 1, 0], [1, 0, 0], [1, 0, 0], [0, 0, 1], [0, 1, 0], [1, 0, 0], [0, 1, 0], [0, 1, 0], [0, 0, 1], [1, 0, 0]]
Nurse 5: [[0, 0, 0], [0, 0, 1], [0, 0, 1], [1, 0, 0], [0, 1, 1], [0, 1, 0], [1, 0, 0], [0, 0, 1], [0, 1, 0], [1, 0, 0], [0, 1, 0], [1, 0, 0], [0, 0, 1], [0, 0, 1], [0, 1, 0], [0, 0, 0], [0, 0, 1], [1, 0, 0], [0, 0, 1], [1, 0, 0], [0, 1, 0], [0, 0, 1], [0, 0, 1], [0, 0, 1], [0, 0, 1], [0, 0, 1], [0, 0, 1], [0, 0, 1], [0, 1, 0], [0, 0, 1]]
Nurse 6: [[0, 1, 0], [0, 0, 1], [0, 1, 0], [0, 1, 0], [1, 0, 0], [0, 0, 1], [1, 0, 0], [0, 1, 0], [0, 0, 1], [0, 0, 0], [1, 0, 0], [0, 1, 0], [1, 0, 0], [1, 0, 0], [0, 0, 1], [0, 0, 1], [0, 0, 1], [0, 0, 1], [0, 1, 0], [0, 0, 0], [0, 0, 1], [0, 1, 0], [1, 0, 0], [0, 1, 0], [0, 1, 0], [1, 0, 0], [0, 1, 0], [0, 0, 1], [0, 0, 1], [0, 0, 0]]
Nurse 7: [[1, 0, 0], [0, 1, 0], [0, 0, 1], [0, 1, 0], [1, 0, 0], [1, 0, 0], [0, 1, 0], [0, 1, 0], [1, 0, 0], [0, 0, 1], [0, 0, 1], [0, 0, 1], [1, 0, 0], [0, 1, 0], [0, 1, 0], [0, 0, 1], [1, 0, 0], [0, 0, 1], [0, 0, 1], [0, 0, 1], [1, 0, 0], [0, 0, 1], [0, 0, 0], [0, 1, 0], [0, 0, 0], [0, 1, 0], [0, 0, 1], [1, 0, 0], [1, 0, 0], [0, 1, 0]]
Nurse 8: [[0, 1, 0], [0, 0, 0], [1, 0, 0], [0, 1, 0], [0, 0, 1], [0, 0, 1], [1, 0, 0], [0, 0, 1], [1, 0, 0], [0, 1, 0], [0, 0, 0], [0, 0, 1], [1, 0, 0], [1, 0, 0], [0, 0, 0], [1, 0, 0], [1, 0, 0], [0, 0, 1], [0, 0, 1], [0, 0, 1], [1, 0, 0], [0, 0, 1], [0, 1, 0], [0, 0, 1], [0, 0, 1], [1, 0, 0], [0, 1, 0], [1, 0, 0], [1, 0, 0], [1, 0, 0]]
Nurse 9: [[0, 0, 1], [1, 0, 0], [0, 1, 0], [0, 1, 0], [0, 0, 1], [1, 0, 0], [0, 0, 1], [0, 1, 0], [0, 0, 1], [0, 0, 1], [0, 0, 1], [1, 0, 0], [0, 0, 1], [0, 0, 0], [1, 0, 0], [0, 0, 1], [0, 0, 1], [0, 0, 0], [0, 0, 1], [0, 1, 0], [0, 0, 1], [0, 1, 0], [0, 0, 1], [0, 1, 0], [0, 0, 1], [0, 0, 1], [1, 0, 0], [0, 0, 1], [0, 0, 0], [0, 1, 0]]
Nurse 10: [[1, 0, 0], [0, 0, 1], [1, 0, 0], [0, 0, 0], [0, 0, 1], [0, 0, 1], [0, 0, 1], [0, 0, 1], [0, 1, 0], [1, 0, 0], [0, 0, 1], [0, 0, 1], [0, 0, 0], [0, 1, 0], [0, 0, 1], [0, 1, 0], [0, 1, 0], [0, 1, 0], [1, 0, 0], [0, 1, 0], [0, 0, 1], [1, 0, 0], [0, 1, 0], [1, 0, 0], [1, 0, 0], [0, 0, 1], [0, 0, 1], [0, 1, 0], [1, 0, 0], [1, 0, 0]]
Nurses Generated: 11
Iteration: 830399
matching_preferences: 194
minimize_inconsistent_shifts: 64
Fitness: 258

# After a million

# Average minimum for a random production of 8000 survivors is 265.44, minimum of 40000 searches was 262

 
# 257
# 263
# 259
# 261
# 261
# 255     
# 258
# 260
# 254
# 256
# 258
# 255

259 generation 0
257 generation 1
263 generation 2
254 generation 3
259 generation 4
260 generation 5
257 generation 6
262 generation 7
266 generation 8
260 generation 9
261 generation 10
263 generation 11
262 generation 12
261 generation 13
262 generation 14
261 generation 15
262 generation 16
262 generation 17
260 generation 18
262 generation 19
261 generation 20
261 generation 21
258 generation 22